sudo cpupower monitor
    | Nehalem                   || Mperf              || Idle_Stats                                                   
 CPU| C3   | C6   | PC3  | PC6   || C0   | Cx   | Freq  || POLL | C1   | C1E  | C3   | C6   | C7s  | C8   | C9   | C10   
   0|  0.03|  0.12|  0.00|  0.00||  1.79| 98.21|  4031||  0.01|  0.03|  0.04|  0.04|  0.14|  0.00|  6.45|  0.00| 91.35
   1|  0.05|  0.20|  0.00|  0.00||  0.61| 99.39|  4033||  0.00|  0.00|  0.01|  0.08|  0.23|  0.00|  5.61|  0.00| 93.38
   2|  0.00|  0.06|  0.00|  0.00||  1.25| 98.75|  4006||  0.00|  0.01|  0.94|  0.02|  0.08|  0.00|  4.42|  0.00| 93.24
   3|  0.03|  1.19|  0.00|  0.00||  1.63| 98.37|  4042||  0.00|  0.00|  0.01|  0.04|  1.26|  0.00|  6.14|  0.00| 90.84
   4|  0.03|  0.49|  0.00|  0.00||  1.30| 98.70|  3995||  0.00|  0.00|  0.01|  0.03|  0.53|  0.00|  7.17|  0.00| 90.90
   5|  0.08|  0.89|  0.00|  0.00||  1.10| 98.90|  4019||  0.00|  0.67|  0.07|  0.12|  0.97|  0.00| 14.77|  0.21| 81.97

sudo cpufreq-aperf
CPU	Average freq(KHz)	Time in C0	Time in Cx	C0 percentage
000	5699000			00 sec 003 ms	00 sec 996 ms	00
001	5658000			00 sec 003 ms	00 sec 996 ms	00
002	5699000			00 sec 009 ms	00 sec 990 ms	00
003	5740000			00 sec 010 ms	00 sec 989 ms	01
004	5658000			00 sec 000 ms	00 sec 999 ms	00
005	5740000			00 sec 014 ms	00 sec 985 ms	

turbostat
Core	CPU	Avg_MHz	Busy%	Bzy_MHz	TSC_MHz	IRQ	SMI	POLL	C1	C1E	C3	C6	C7s	C8	C9	C10	POLL%	C1%	C1E%	C3%	C6%	C7s%	C8%	C9%	C10%	CPU%c1	CPU%c3	CPU%c6	CPU%c7	CoreTmp	PkgTmp	Totl%C0	Any%C0	GFX%C0	CPUGFX%	Pkg%pc2	Pkg%pc3	Pkg%pc6	Pkg%pc7	Pkg%pc8	Pkg%pc9	Pk%pc10	PkgWatt	CorWatt	GFXWattRAMWatt	PKG_%	RAM_%
-	-	42	1.05	4030	2904	1539	0	0	8	50	44	190	0	755	11	2051	0.00	0.01	0.15	0.02	0.56	0.00	6.49	0.14	91.49	0.92	0.01	0.51	97.51	40	40	6.90	5.19	0.00	0.00	91.05	0.00	0.00	0.00	0.00	0.00	0.00	3.24	2.84	0.00	0.00	0.00	0.00
0	0	66	1.65	4026	2904	143	0	0	0	7	2	29	0	106	4	319	0.00	0.00	0.12	0.01	0.63	0.00	5.96	0.01	91.44	0.76	0.01	0.58	97.01	40	40	6.90	5.19	0.00	0.00	91.05	0.00	0.00	0.00	0.00	0.00	0.00	3.24	2.84	0.00	0.00	0.00	0.00
1	1	26	0.66	4035	2904	163	0	0	0	3	8	17	0	89	0	274	0.00	0.00	0.00	0.01	0.37	0.00	4.81	0.00	94.07	0.55	0.01	0.34	98.45	39
2	2	23	0.57	4007	2904	124	0	0	1	4	1	18	0	76	0	256	0.00	0.00	0.09	0.00	0.24	0.00	4.38	0.00	94.66	0.53	0.00	0.21	98.69	40
3	3	81	2.01	4044	2904	526	0	0	3	20	15	61	0	296	0	661	0.00	0.00	0.03	0.05	0.89	0.00	13.80	0.00	83.15	1.49	0.03	0.79	95.68	40
4	4	27	0.68	4017	2904	333	0	0	4	2	11	35	0	79	3	266	0.00	0.08	0.00	0.01	0.68	0.00	4.58	0.43	93.44	0.89	0.00	0.62	97.81	40
5	5	30	0.73	4021	2904	250	0	0	0	14	7	30	0	109	4	275	0.00	0.00	0.64	0.04	0.54	0.00	5.39	0.42	92.17	1.31	0.03	0.49	97.44	38

sed -i '/GRUB_CMDLINE_LINUX/{s/"$//g;s/$/ intel_pstate=disable intel_idle.max_cstate=0 processor.max_cstate=1 idle=poll"/}' /etc/default/grub
sudo update-grub
#GRUB_CMDLINE_LINUX="intel_pstate=disable intel_idle.max_cstate=0 processor.max_cstate=1 idle=poll isolcpus=4,5 nmi_watchdog=0 rcu_nocbs=1 nohz_full=1"

